[-5, 2.4452507, 0.125, 0.5703125]
[-5, 2.4372685, 0.125, 0.578125]
[0, 2.46955, 0.109375, 0.5390625]
[0, 2.4688928, 0.109375, 0.5390625]
[1, 2.5092928, 0.09375, 0.453125]
[1, 2.5036318, 0.09375, 0.4609375]
[5, 2.4834557, 0.09375, 0.515625]
[5, 2.4851782, 0.0859375, 0.515625]
[10, 2.5247197, 0.125, 0.4921875]
[10, 2.5298743, 0.1171875, 0.4921875]
[15, 2.493075, 0.1171875, 0.5078125]
[15, 2.4724324, 0.1171875, 0.53125]
[20, 2.4928555, 0.109375, 0.5078125]
[20, 2.4889414, 0.1171875, 0.5078125]
[25, 2.5212598, 0.0859375, 0.5078125]
[25, 2.5225344, 0.09375, 0.5]
[30, 2.4334655, 0.1640625, 0.5625]
[30, 2.4292827, 0.1640625, 0.5546875]
[35, 2.4732156, 0.125, 0.46875]
[35, 2.4750848, 0.1171875, 0.4765625]
[40, 2.4968843, 0.1171875, 0.4609375]
[40, 2.4880202, 0.1171875, 0.46875]
[45, 2.4888408, 0.109375, 0.53125]
[45, 2.5029325, 0.1015625, 0.515625]
[50, 2.4675713, 0.1171875, 0.5625]
[50, 2.4671073, 0.109375, 0.5546875]
[55, 2.4735916, 0.1015625, 0.5]
[55, 2.4742398, 0.09375, 0.5]
[60, 2.4558291, 0.125, 0.5625]
[60, 2.452848, 0.1328125, 0.5625]
[65, 2.5024073, 0.1171875, 0.46875]
[65, 2.4920356, 0.125, 0.46875]
[70, 2.46509, 0.09375, 0.5625]
[70, 2.4646382, 0.09375, 0.5625]
[75, 2.5073564, 0.1015625, 0.4375]
[75, 2.505292, 0.1015625, 0.4375]
[80, 2.4928417, 0.078125, 0.5390625]
[80, 2.4892488, 0.09375, 0.546875]
[85, 2.5254939, 0.0859375, 0.421875]
[85, 2.5216987, 0.0859375, 0.4296875]
[90, 2.4719079, 0.109375, 0.5]
[90, 2.4817016, 0.109375, 0.4765625]
[95, 2.4572403, 0.109375, 0.4765625]
[95, 2.453509, 0.1015625, 0.484375]
[100, 2.4823027, 0.0859375, 0.5078125]
[100, 2.4873312, 0.078125, 0.515625]
[105, 2.4233148, 0.09375, 0.578125]
[105, 2.429231, 0.09375, 0.5703125]
[110, 2.4613729, 0.1484375, 0.484375]
[110, 2.4678733, 0.1328125, 0.484375]
[115, 2.4284036, 0.09375, 0.625]
[115, 2.4287136, 0.09375, 0.6171875]
[120, 2.4301705, 0.1484375, 0.5]
[120, 2.4315252, 0.1484375, 0.4921875]
[125, 2.3930514, 0.1328125, 0.59375]
[125, 2.393377, 0.1328125, 0.59375]
[130, 2.4171927, 0.1171875, 0.5390625]
[130, 2.4230318, 0.1015625, 0.53125]
[135, 2.4340613, 0.0859375, 0.515625]
[135, 2.4326372, 0.0859375, 0.515625]
[140, 2.3978245, 0.140625, 0.65625]
[140, 2.399829, 0.140625, 0.65625]
[145, 2.417884, 0.1015625, 0.5390625]
[145, 2.4152849, 0.1015625, 0.546875]
[150, 2.4071043, 0.0859375, 0.5625]
[150, 2.4071043, 0.0859375, 0.5625]
[155, 2.423484, 0.1328125, 0.5]
[155, 2.423484, 0.1328125, 0.5]
[160, 2.4625747, 0.0703125, 0.453125]
[160, 2.465065, 0.0703125, 0.4453125]
[165, 2.3641875, 0.1640625, 0.6328125]
[165, 2.3680978, 0.1640625, 0.625]
[170, 2.457636, 0.125, 0.4765625]
[170, 2.452332, 0.125, 0.5]
[175, 2.4191146, 0.1328125, 0.5234375]
[175, 2.4191146, 0.1328125, 0.5234375]
[180, 2.381432, 0.15625, 0.6015625]
[180, 2.381432, 0.15625, 0.6015625]
[185, 2.3833869, 0.1171875, 0.5625]
[185, 2.385902, 0.109375, 0.5625]
[190, 2.4160516, 0.1171875, 0.546875]
[190, 2.418733, 0.109375, 0.5390625]
[195, 2.39268, 0.125, 0.5390625]
[195, 2.3925664, 0.125, 0.5390625]
[200, 2.4107437, 0.0625, 0.5390625]
[200, 2.4125662, 0.0703125, 0.546875]
[-5, 2.4371712, 0.125, 0.578125]
[-5, 2.4420583, 0.125, 0.5703125]
[0, 2.466089, 0.109375, 0.546875]
[0, 2.4695199, 0.109375, 0.5390625]
[1, 2.499665, 0.1015625, 0.46875]
[1, 2.49552, 0.109375, 0.46875]
[5, 2.4773412, 0.09375, 0.53125]
[5, 2.4735217, 0.09375, 0.5390625]
[10, 2.5300143, 0.1171875, 0.484375]
[10, 2.5336776, 0.109375, 0.484375]
[15, 2.4799008, 0.1171875, 0.515625]
[15, 2.4762201, 0.1171875, 0.5234375]
[20, 2.4833245, 0.1171875, 0.515625]
[20, 2.4793344, 0.125, 0.515625]
[25, 2.5156074, 0.1015625, 0.5]
[25, 2.522408, 0.09375, 0.5]
[30, 2.444969, 0.15625, 0.546875]
[30, 2.4395986, 0.15625, 0.546875]
[35, 2.481613, 0.1171875, 0.4609375]
[35, 2.4840188, 0.1171875, 0.4609375]
[40, 2.499177, 0.109375, 0.46875]
[40, 2.5071156, 0.109375, 0.4609375]
[45, 2.5009885, 0.109375, 0.515625]
[45, 2.504589, 0.09375, 0.5078125]
[50, 2.4667206, 0.109375, 0.5546875]
[50, 2.4624805, 0.1171875, 0.5546875]
[55, 2.4878116, 0.09375, 0.484375]
[55, 2.4818993, 0.09375, 0.4921875]
[60, 2.4531207, 0.125, 0.578125]
[60, 2.4499593, 0.1328125, 0.578125]
[65, 2.503558, 0.1171875, 0.4609375]
[65, 2.503558, 0.1171875, 0.4609375]
[70, 2.4689522, 0.1015625, 0.5546875]
[70, 2.4645498, 0.1015625, 0.5625]
[75, 2.5061219, 0.1015625, 0.4375]
[75, 2.5061219, 0.1015625, 0.4375]
[80, 2.4879382, 0.09375, 0.5390625]
[80, 2.4879363, 0.09375, 0.5390625]
[85, 2.5251708, 0.0859375, 0.421875]
[85, 2.5251708, 0.0859375, 0.421875]
[90, 2.4709256, 0.125, 0.4921875]
[90, 2.4779313, 0.109375, 0.4921875]
[95, 2.4512012, 0.109375, 0.4765625]
[95, 2.4553277, 0.1015625, 0.484375]
[100, 2.4858906, 0.0859375, 0.5078125]
[100, 2.4831212, 0.0859375, 0.5078125]
[105, 2.429169, 0.1015625, 0.5703125]
[105, 2.4336622, 0.09375, 0.5625]
[110, 2.461382, 0.1484375, 0.484375]
[110, 2.4632795, 0.140625, 0.4921875]
[115, 2.4287465, 0.09375, 0.625]
[115, 2.4281077, 0.09375, 0.625]
[120, 2.433828, 0.1484375, 0.4921875]
[120, 2.434373, 0.1484375, 0.484375]
[125, 2.3931243, 0.1328125, 0.59375]
[125, 2.3907444, 0.1328125, 0.59375]
[130, 2.4274728, 0.1015625, 0.5234375]
[130, 2.4244354, 0.1015625, 0.53125]
[135, 2.4339042, 0.0859375, 0.515625]
[135, 2.4339042, 0.0859375, 0.515625]
[140, 2.4037502, 0.140625, 0.6484375]
[140, 2.3991582, 0.140625, 0.65625]
[145, 2.4177852, 0.1015625, 0.5390625]
[145, 2.4177852, 0.1015625, 0.5390625]
[150, 2.4070823, 0.078125, 0.5625]
[150, 2.4085038, 0.078125, 0.5546875]
[155, 2.4234262, 0.1328125, 0.5]
[155, 2.4234262, 0.1328125, 0.5]
[160, 2.4648936, 0.0625, 0.4453125]
[160, 2.4648936, 0.0625, 0.4453125]
[165, 2.3615716, 0.1640625, 0.640625]
[165, 2.3704622, 0.1640625, 0.625]
[170, 2.4521976, 0.125, 0.5]
[170, 2.4521976, 0.125, 0.5]
[175, 2.4245336, 0.125, 0.515625]
[175, 2.4191754, 0.1328125, 0.5234375]
[180, 2.3813515, 0.15625, 0.59375]
[180, 2.3813515, 0.15625, 0.59375]
[185, 2.3843045, 0.1171875, 0.5625]
[185, 2.3843045, 0.1171875, 0.5625]
[190, 2.4174318, 0.1171875, 0.5390625]
[190, 2.4146147, 0.1171875, 0.5546875]
[195, 2.3925874, 0.125, 0.5390625]
[195, 2.3931553, 0.125, 0.5390625]
[200, 2.4145975, 0.0625, 0.5390625]
[200, 2.4145975, 0.0625, 0.5390625]
